707
79024
158394
60592
159933
10837
149690
133554
201130
256027
26288
208043
148402
217530
240816
87381
20329
65536
240117
239280
210261
151011
180717
79571
179642
17
150002
191920
151216
112350
240760
150005
132066
159960
150005
158234
195708
243624
159679
145057
39714
31602
141485
71093
158394
28338
194231
158232
143532
193877
179643
16
148402
217545
144054
239325
238797
79024
140395
239322
210261
238677
158394
32442
141490
706
79024
158394
60592
159933
10837
149690
133554
201130
256027
26288
208043
148402
217530
240816
87381
20329
65536
240117
239280
210261
151011
180717
79571
179642
17
150002
191920
151216
112350
240760
150005
132066
159960
150005
158234
195708
243624
159679
145057
39714
31602
141485
71093
158394
28338
194231
158232
143532
193877
179643
16
148402
217545
144054
239325
238797
79024
140395
239322
210261
238677
158394
32442
141490
705
61630
152917
79017
18610
7
79056
225476
87381
2409
239325
238797
36794
182645
22218
47
22474
43
111829
22218
58
22474
59
22218
42
22474
43
155066
17
79061
79047
209115
87381
204285
131071
158234
195708
243624
159679
145057
39714
31602
141485
71093
1714
112053
23999
497
0
3072
79052
79042
79042
240818
79042
79042
243417
18930
122880
112053
194265
177881
192702
87381
79065
704
79024
158394
60592
159933
10837
149690
133554
201130
256027
26288
208043
148402
217530
240816
87381
20329
65536
240117
239280
210261
151011
180717
79571
179642
17
150002
191920
151216
112350
240760
150005
132066
159960
150005
158234
195708
243624
159679
145057
39714
31602
141485
71093
158394
28338
194231
158232
143532
193877
179643
16
148402
217545
144054
239325
238797
79024
140395
239322
210261
238677
158394
32442
141490
703
79024
158394
60592
159933
10837
149690
133554
201130
256027
26288
208043
148402
217530
240816
87381
20329
65536
240117
239280
210261
151011
180717
79571
179642
17
150002
191920
151216
112350
240760
150005
132066
159960
150005
158234
195708
243624
159679
145057
39714
31602
141485
71093
158394
28338
194231
158232
143532
193877
179643
16
148402
217545
144054
239325
238797
79024
140395
239322
210261
238677
158394
32442
141490
702
79024
158394
60592
159933
10837
149690
133554
201130
256027
26288
208043
148402
217530
240816
87381
20329
65536
240117
239280
210261
151011
180717
79571
179642
17
150002
191920
151216
112350
240760
150005
132066
159960
150005
158234
195708
243624
159679
145057
39714
31602
141485
71093
158394
28338
194231
158232
143532
193877
179643
16
148402
217545
144054
239325
238797
79024
140395
239322
210261
238677
158394
32442
141490
701
79024
158394
60592
159933
10837
149690
133554
201130
256027
26288
208043
148402
217530
240816
87381
20329
65536
240117
239280
210261
151011
180717
79571
179642
17
150002
191920
151216
112350
240760
150005
132066
159960
150005
158234
195708
243624
159679
145057
39714
31602
141485
71093
18963
12609
262142
43442
79269
70826
179643
16
148402
217545
144054
239325
238797
79024
140395
239322
210261
238677
158394
32442
141490
700
79024
158394
60592
159933
10837
149690
133554
201130
256027
26288
208043
148402
217530
240816
87381
20329
65536
240117
239280
210261
151011
180717
79571
179642
17
150002
191920
151216
112350
240760
150005
132066
159960
150005
158234
195708
243624
159679
145057
39714
31602
141485
71061
158394
28338
194231
158232
143532
193877
179643
16
148402
217545
144054
239325
238797
79024
140395
239322
210261
238677
158394
32442
141490
600
79024
158394
60592
159933
10837
149690
133554
201130
256027
26288
208043
148402
217530
240816
87381
20329
65536
240117
239280
210261
151011
180717
79571
179642
17
150002
191920
151216
112350
240760
150005
132066
159960
150005
158234
195708
243624
159679
145057
39714
31602
141485
71045
158394
28338
194231
158232
143532
193877
179643
16
148402
217545
144054
239325
238797
79024
140395
239322
210261
238677
158394
32442
141490
601
79024
158394
60592
159933
10837
149690
133554
201130
256027
26288
208043
148402
217530
240816
87381
20329
65536
240117
239280
210261
151011
180717
79571
179642
17
150002
191920
151216
112350
240760
150005
132066
159960
150005
158234
195708
243624
159679
145057
39714
31602
141485
71077
158394
28338
194231
158232
143532
193877
179643
16
148402
217545
144054
239325
238797
79024
140395
239322
210261
238677
158394
32442
141490
602
79024
158394
60592
159933
10837
149690
133554
201130
256027
26288
208043
148402
217530
240816
87381
20329
65536
240117
239280
210261
151011
180717
79571
179642
17
150002
191920
151216
112350
240760
150005
132066
159960
150005
158234
195708
243624
159679
145057
39714
31602
141485
71077
158394
28338
194231
158232
143532
193877
179643
16
148402
217545
144054
239325
238797
79024
140395
239322
210261
238677
158394
32442
141490
603
79024
158394
60592
159933
10837
149690
133554
201130
256027
26288
208043
148402
217530
240816
87381
20329
65536
240117
239280
210261
151011
180717
79571
179642
17
150002
191920
151216
112350
240760
150005
132066
159960
150005
158234
195708
243624
159679
145057
39714
31602
141485
71077
158394
28338
194231
158232
143532
193877
179643
16
148402
217545
144054
239325
238797
79024
140395
239322
210261
238677
158394
32442
141490
604
79024
158394
60592
159933
10837
149690
133554
201130
256027
26288
208043
148402
217530
240816
87381
20329
65536
240117
239280
210261
151011
180717
79571
179642
17
150002
191920
151216
112350
240760
150005
132066
159960
150005
158234
195708
243624
159679
145057
39714
31602
141485
71077
158394
28338
194231
158232
143532
193877
179643
16
148402
217545
144054
239325
238797
79024
140395
239322
210261
238677
158394
32442
141490
605
79024
158394
60592
159933
10837
149690
133554
201130
256027
26288
208043
148402
217530
240816
87381
20329
65536
240117
239280
210261
151011
180717
79571
179642
17
150002
191920
151216
112350
240760
150005
132066
159960
150005
158234
195708
243624
159679
145057
39714
31602
141485
71077
158394
28338
194231
158232
143532
193877
179643
16
148402
217545
144054
239325
238797
79024
140395
239322
210261
238677
158394
32442
141490
606
79024
158394
60592
159933
10837
149690
133554
201130
256027
26288
208043
148402
217530
240816
87381
20329
65536
240117
239280
210261
151011
180717
79571
179642
17
150002
191920
151216
112350
240760
150005
132066
159960
150005
158234
195708
243624
159679
145057
39714
31602
141485
71077
158394
28338
194231
158232
143532
193877
179643
16
148402
217545
144054
239325
238797
79024
140395
239322
210261
238677
158394
32442
141490
607
79024
158394
60592
159933
10837
149690
133554
201130
256027
26288
208043
148402
217530
240816
87381
20329
65536
240117
239280
210261
151011
180717
79571
179642
17
150002
191920
151216
112350
240760
150005
132066
159960
150005
158234
195708
243624
159679
145057
39714
31602
141485
71077
158394
28338
194231
158232
143532
193877
179643
16
148402
217545
144054
239325
238797
79024
140395
239322
210261
238677
158394
32442
141490
608
79024
158394
60592
159933
10837
149690
133554
201130
256027
26288
208043
148402
217530
240816
87381
20329
65536
240117
239280
210261
151011
180717
79571
179642
17
150002
191920
151216
112350
240760
150005
132066
159960
150005
158234
195708
243624
159679
145057
39714
31602
141485
71077
158394
28338
194231
158232
143532
193877
179643
16
148402
217545
144054
239325
238797
79024
140395
239322
210261
238677
158394
32442
141490
609
79024
158394
60592
159933
10837
149690
133554
201130
256027
26288
208043
148402
217530
240816
87381
20329
65536
240117
239280
210261
151011
180717
79571
179642
17
150002
191920
151216
112350
240760
150005
132066
159960
150005
158234
195708
243624
159679
145057
39714
31602
141485
71077
158394
28338
194231
158232
143532
193877
179643
16
148402
217545
144054
239325
238797
79024
140395
239322
210261
238677
158394
32442
141490
610
79024
158394
60592
159933
10837
149690
133554
201130
256027
26288
208043
148402
217530
240816
87381
20329
65536
240117
239280
210261
151011
180717
79571
179642
17
150002
191920
151216
112350
240760
150005
132066
159960
150005
158234
195708
243624
159679
145057
39714
31602
141485
71077
158394
28338
194231
158232
143532
193877
179643
16
148402
217545
144054
239325
238797
79024
140395
239322
210261
238677
158394
32442
141490
611
79024
158394
60592
159933
10837
149690
133554
201130
256027
26288
208043
148402
217530
240816
87381
20329
65536
240117
239280
210261
151011
180717
79571
179642
17
150002
191920
151216
112350
240760
150005
132066
159960
150005
158234
195708
243624
159679
145057
39714
31602
141485
71077
158394
28338
194231
158232
143532
193877
179643
16
148402
217545
144054
239325
238797
79024
140395
239322
210261
238677
158394
32442
141490
612
79024
158394
60592
159933
10837
149690
133554
201130
256027
26288
208043
148402
217530
240816
87381
20329
65536
240117
239280
210261
151011
180717
79571
179642
17
150002
191920
151216
112350
240760
150005
132066
159960
150005
158234
195708
243624
159679
145057
39714
31602
141485
71077
158394
28338
194231
158232
143532
193877
179643
16
148402
217545
144054
239325
238797
79024
140395
239322
210261
238677
158394
32442
141490
613
79024
158394
60592
159933
10837
149690
133554
201130
256027
26288
208043
148402
217530
240816
87381
20329
65536
240117
239280
210261
151011
180717
79571
179642
17
150002
191920
151216
112350
240760
150005
132066
159960
150005
158234
195708
243624
159679
145057
39714
31602
141485
71077
158394
28338
194231
158232
143532
193877
179643
16
148402
217545
144054
239325
238797
79024
140395
239322
210261
238677
158394
32442
141490
614
79024
158394
60592
159933
10837
149690
133554
201130
256027
26288
208043
148402
217530
240816
87381
20329
65536
240117
239280
210261
151011
180717
79571
179642
17
150002
191920
151216
112350
240760
150005
132066
159960
150005
158234
195708
243624
159679
145057
39714
31602
141485
71077
158394
28338
194231
158232
143532
193877
179643
16
148402
217545
144054
239325
238797
79024
140395
239322
210261
238677
158394
32442
141490
615
79024
158394
60592
159933
10837
149690
133554
201130
256027
26288
208043
148402
217530
240816
87381
20329
65536
240117
239280
210261
151011
180717
79571
179642
17
150002
191920
151216
112350
240760
150005
132066
159960
150005
158234
195708
243624
159679
145057
39714
31602
141485
71077
158394
28338
194231
158232
143532
193877
179643
16
148402
217545
144054
239325
238797
79024
140395
239322
210261
238677
158394
32442
141490
616
79024
158394
60592
159933
10837
149690
133554
201130
256027
26288
208043
148402
217530
240816
87381
20329
65536
240117
239280
210261
151011
180717
79571
179642
17
150002
191920
151216
112350
240760
150005
132066
159960
150005
158234
195708
243624
159679
145057
39714
31602
141485
71077
158394
28338
194231
158232
143532
193877
179643
16
148402
217545
144054
239325
238797
79024
140395
239322
210261
238677
158394
32442
141490
516
79024
158394
60592
159933
10837
149690
133554
201130
256027
26288
208043
148402
217530
240816
87381
20329
65536
240117
239280
210261
151011
180717
79571
179642
17
150002
191920
151216
112350
240760
150005
132066
159960
150005
158234
195708
243624
159679
145057
39714
31602
141485
71077
158394
28338
194231
158232
143532
193877
179643
16
148402
217545
144054
239325
238797
79024
140395
239322
210261
238677
158394
32442
141490
515
79024
158394
60592
159933
10837
149690
133554
201130
256027
26288
208043
148402
217530
240816
87381
20329
65536
240117
239280
210261
151011
180717
79571
179642
17
150002
191920
151216
112350
240760
150005
132066
159960
150005
158234
195708
243624
159679
145057
39714
31602
141485
71077
158394
28338
194231
158232
143532
193877
179643
16
148402
217545
144054
239325
238797
79024
140395
239322
210261
238677
158394
32442
141490
514
79024
158394
60592
159933
10837
149690
133554
201130
256027
26288
208043
148402
217530
240816
87381
20329
65536
240117
239280
210261
151011
180717
79571
179642
17
150002
191920
151216
112350
240760
150005
132066
159960
150005
158234
195708
243624
159679
145057
39714
31602
141485
71077
158394
28338
194231
158232
143532
193877
179643
16
148402
217545
144054
239325
238797
79024
140395
239322
210261
238677
158394
32442
141490
513
79024
158394
60592
159933
10837
149690
133554
201130
256027
26288
208043
148402
217530
240816
87381
20329
65536
240117
239280
210261
151011
180717
79571
179642
17
150002
191920
151216
112350
240760
150005
132066
159960
150005
158234
195708
243624
159679
145057
39714
31602
141485
71077
158394
28338
194231
158232
143532
193877
179643
16
148402
217545
144054
239325
238797
79024
140395
239322
210261
238677
158394
32442
141490
512
79024
158394
60592
159933
10837
149690
133554
201130
256027
26288
208043
148402
217530
240816
87381
20329
65536
240117
239280
210261
151011
180717
79571
179642
17
150002
191920
151216
112350
240760
150005
132066
159960
150005
158234
195708
243624
159679
145057
39714
31602
141485
71077
158394
28338
194231
158232
143532
193877
179643
16
148402
217545
144054
239325
238797
79024
140395
239322
210261
238677
158394
32442
141490
511
79024
158394
60592
159933
10837
149690
133554
201130
256027
26288
208043
148402
217530
240816
87381
20329
65536
240117
239280
210261
151011
180717
79571
179642
17
150002
191920
151216
112350
240760
150005
132066
159960
150005
158234
195708
243624
159679
145057
39714
31602
141485
71077
158394
28338
194231
158232
143532
193877
179643
16
148402
217545
144054
239325
238797
79024
140395
239322
210261
238677
158394
32442
141490
510
79024
158394
60592
159933
10837
149690
133554
201130
256027
26288
208043
148402
217530
240816
87381
20329
65536
240117
239280
210261
151011
180717
79571
179642
17
150002
191920
151216
112350
240760
150005
132066
159960
150005
158234
195708
243624
159679
145057
39714
31602
141485
71077
158394
28338
194231
158232
143532
193877
179643
16
148402
217545
144054
239325
238797
79024
140395
239322
210261
238677
158394
32442
141490
509
79024
158394
60592
159933
10837
149690
133554
201130
256027
26288
208043
148402
217530
240816
87381
20329
65536
240117
239280
210261
151011
180717
79571
179642
17
150002
191920
151216
112350
240760
150005
132066
159960
150005
158234
195708
243624
159679
145057
39714
31602
141485
71077
158394
28338
194231
158232
143532
193877
179643
16
148402
217545
144054
239325
238797
79024
140395
239322
210261
238677
158394
32442
141490
508
79024
158394
60592
159933
10837
149690
133554
201130
256027
26288
208043
148402
217530
240816
87381
20329
65536
240117
239280
210261
151011
180717
79571
179642
17
150002
191920
151216
112350
240760
150005
132066
159960
150005
158234
195708
243624
159679
145057
39714
31602
141485
71077
158394
28338
194231
158232
143532
193877
179643
16
148402
217545
144054
239325
238797
79024
140395
239322
210261
238677
158394
32442
141490
507
79024
158394
60592
159933
10837
149690
133554
201130
256027
26288
208043
148402
217530
240816
87381
20329
65536
240117
239280
210261
151011
180717
79571
179642
17
150002
191920
151216
112350
240760
150005
132066
159960
150005
158234
195708
243624
159679
145057
39714
31602
141485
71077
158394
28338
194231
158232
143532
193877
179643
16
148402
217545
144054
239325
238797
79024
140395
239322
210261
238677
158394
32442
141490
506
79024
158394
60592
159933
10837
149690
133554
201130
256027
26288
208043
148402
217530
240816
87381
20329
65536
240117
239280
210261
151011
180717
79571
179642
17
150002
191920
151216
112350
240760
150005
132066
159960
150005
158234
195708
243624
159679
145057
39714
31602
141485
71077
158394
28338
194231
158232
143532
193877
179643
16
148402
217545
144054
239325
238797
79024
140395
239322
210261
238677
158394
32442
141490
505
79024
158394
60592
159933
10837
149690
133554
201130
256027
26288
208043
148402
217530
240816
87381
20329
65536
240117
239280
210261
151011
180717
79571
179642
17
150002
191920
151216
112350
240760
150005
132066
159960
150005
158234
195708
243624
159679
145057
39714
31602
141485
71077
158394
28338
194231
158232
143532
193877
179643
16
148402
217545
144054
239325
238797
79024
140395
239322
210261
238677
158394
32442
141490
504
79024
158394
60592
159933
10837
149690
133554
201130
256027
26288
208043
148402
217530
240816
87381
20329
65536
240117
239280
210261
151011
180717
79571
179642
17
150002
191920
151216
112350
240760
150005
132066
159960
150005
158234
195708
243624
159679
145057
39714
31602
141485
71077
158394
28338
194231
158232
143532
193877
179643
16
148402
217545
144054
239325
238797
79024
140395
239322
210261
238677
158394
32442
141490
503
79024
158394
60592
159933
10837
149690
133554
201130
256027
26288
208043
148402
217530
240816
87381
20329
65536
240117
239280
210261
151011
180717
79571
179642
17
150002
191920
151216
112350
240760
150005
132066
159960
150005
158234
195708
243624
159679
145057
39714
31602
141485
71077
158394
28338
194231
158232
143532
193877
179643
16
148402
217545
144054
239325
238797
79024
140395
239322
210261
238677
158394
32442
141490
502
79024
158394
60592
159933
10837
149690
133554
201130
256027
26288
208043
148402
217530
240816
87381
20329
65536
240117
239280
210261
151011
180717
79571
179642
17
150002
191920
151216
112350
240760
150005
132066
159960
150005
158234
195708
243624
159679
145057
39714
31602
141485
71077
158394
28338
194231
158232
143532
193877
179643
16
148402
217545
144054
239325
238797
79024
140395
239322
210261
238677
158394
32442
141490
501
79024
158394
60592
159933
10837
149690
133554
201130
256027
26288
208043
148402
217530
240816
87381
20329
65536
240117
239280
210261
151011
180717
79571
179642
17
150002
191920
151216
112350
240760
150005
132066
159960
150005
158234
195708
243624
159679
145057
39714
31602
141485
71077
158394
28338
194231
158232
143532
193877
179643
16
148402
217545
144054
239325
238797
79024
140395
239322
210261
238677
158394
32442
141490
500
79024
158394
60592
159933
10837
149690
133554
201130
256027
26288
208043
148402
217530
240816
87381
20329
65536
240117
239280
210261
151011
180717
79571
179642
17
150002
191920
151216
112350
240760
150005
132066
159960
150005
158234
195708
243624
159679
145057
39714
31602
141485
71045
158394
28338
194231
158232
143532
193877
179643
16
148402
217545
144054
239325
238797
79024
140395
239322
210261
238677
158394
32442
141490
400
79024
158394
60592
159933
10837
149690
133554
201130
256027
26288
208043
148402
217530
240816
87381
20329
65536
240117
239280
210261
151011
180717
79571
179642
17
150002
191920
151216
112350
240760
150005
132066
159960
150005
158234
195708
243624
159679
145057
39714
31602
141485
71045
158394
28338
194231
158232
143532
193877
179643
16
148402
217545
144054
239325
238797
79024
140395
239322
210261
238677
158394
32442
141490
401
79024
158394
60592
159933
10837
149690
133554
201130
256027
26288
208043
148402
217530
240816
87381
20329
65536
240117
239280
210261
151011
180717
79571
179642
17
150002
191920
151216
112350
240760
150005
132066
159960
150005
158234
195708
243624
159679
145057
39714
31602
141485
71077
158394
28338
194231
158232
143532
193877
179643
16
148402
217545
144054
239325
238797
79024
140395
239322
210261
238677
158394
32442
141490
402
79024
158394
60592
159933
10837
149690
133554
201130
256027
26288
208043
148402
217530
240816
87381
20329
65536
240117
239280
210261
151011
180717
79571
179642
17
150002
191920
151216
112350
240760
150005
132066
159960
150005
158234
195708
243624
159679
145057
39714
31602
141485
71077
158394
28338
194231
158232
143532
193877
179643
16
148402
217545
144054
239325
238797
79024
140395
239322
210261
238677
158394
32442
141490
403
79024
158394
60592
159933
10837
149690
133554
201130
256027
26288
208043
148402
217530
240816
87381
20329
65536
240117
239280
210261
151011
180717
79571
179642
17
150002
191920
151216
112350
240760
150005
132066
159960
150005
158234
195708
243624
159679
145057
39714
31602
141485
71077
158394
28338
194231
158232
143532
193877
179643
16
148402
217545
144054
239325
238797
79024
140395
239322
210261
238677
158394
32442
141490
404
79024
158394
60592
159933
10837
149690
133554
201130
256027
26288
208043
148402
217530
240816
87381
20329
65536
240117
239280
210261
151011
180717
79571
179642
17
150002
191920
151216
112350
240760
150005
132066
159960
150005
158234
195708
243624
159679
145057
39714
31602
141485
71077
158394
28338
194231
158232
143532
193877
179643
16
148402
217545
144054
239325
238797
79024
140395
239322
210261
238677
158394
32442
141490
405
79024
158394
60592
159933
10837
149690
133554
201130
256027
26288
208043
148402
217530
240816
87381
20329
65536
240117
239280
210261
151011
180717
79571
179642
17
150002
191920
151216
112350
240760
150005
132066
159960
150005
158234
195708
243624
159679
145057
39714
31602
141485
71077
158394
28338
194231
158232
143532
193877
179643
16
148402
217545
144054
239325
238797
79024
140395
239322
210261
238677
158394
32442
141490
406
79024
158394
60592
159933
10837
149690
133554
201130
256027
26288
208043
148402
217530
240816
87381
20329
65536
240117
239280
210261
151011
180717
79571
179642
17
150002
191920
151216
112350
240760
150005
132066
159960
150005
158234
195708
243624
159679
145057
39714
31602
141485
71077
158394
28338
194231
158232
143532
193877
179643
16
148402
217545
144054
239325
238797
79024
140395
239322
210261
238677
158394
32442
141490
407
79024
158394
60592
159933
10837
149690
133554
201130
256027
26288
208043
148402
217530
240816
87381
20329
65536
240117
239280
210261
151011
180717
79571
179642
17
150002
191920
151216
112350
240760
150005
132066
159960
150005
158234
195708
243624
159679
145057
39714
31602
141485
71077
158394
28338
194231
158232
143532
193877
179643
16
148402
217545
144054
239325
238797
79024
140395
239322
210261
238677
158394
32442
141490
408
79024
158394
60592
159933
10837
149690
133554
201130
256027
26288
208043
148402
217530
240816
87381
20329
65536
240117
239280
210261
151011
180717
79571
179642
17
150002
191920
151216
112350
240760
150005
132066
159960
150005
158234
195708
243624
159679
145057
39714
31602
141485
71077
158394
28338
194231
158232
143532
193877
179643
16
148402
217545
144054
239325
238797
79024
140395
239322
210261
238677
158394
32442
141490
409
79024
158394
60592
159933
10837
149690
133554
201130
256027
26288
208043
148402
217530
240816
87381
20329
65536
240117
239280
210261
151011
180717
79571
179642
17
150002
191920
151216
112350
240760
150005
132066
159960
150005
158234
195708
243624
159679
145057
39714
31602
141485
71077
158394
28338
194231
158232
143532
193877
179643
16
148402
217545
144054
239325
238797
79024
140395
239322
210261
238677
158394
32442
141490
410
79024
158394
60592
159933
10837
149690
133554
201130
256027
26288
208043
148402
217530
240816
87381
20329
65536
240117
239280
210261
151011
180717
79571
179642
17
150002
191920
151216
112350
240760
150005
132066
159960
150005
158234
195708
243624
159679
145057
39714
31602
141485
71077
158394
28338
194231
158232
143532
193877
179643
16
148402
217545
144054
239325
238797
79024
140395
239322
210261
238677
158394
32442
141490
411
79024
158394
60592
159933
10837
149690
133554
201130
256027
26288
208043
148402
217530
240816
87381
20329
65536
240117
239280
210261
151011
180717
79571
179642
17
150002
191920
151216
112350
240760
150005
132066
159960
150005
158234
195708
243624
159679
145057
39714
31602
141485
71077
158394
28338
194231
158232
143532
193877
179643
16
148402
217545
144054
239325
238797
79024
140395
239322
210261
238677
158394
32442
141490
412
79024
158394
60592
159933
10837
149690
133554
201130
256027
26288
208043
148402
217530
240816
87381
20329
65536
240117
239280
210261
151011
180717
79571
179642
17
150002
191920
151216
112350
240760
150005
132066
159960
150005
158234
195708
243624
159679
145057
39714
31602
141485
71077
158394
28338
194231
158232
143532
193877
179643
16
148402
217545
144054
239325
238797
79024
140395
239322
210261
238677
158394
32442
141490
413
79024
158394
60592
159933
10837
149690
133554
201130
256027
26288
208043
148402
217530
240816
87381
20329
65536
240117
239280
210261
151011
180717
79571
179642
17
150002
191920
151216
112350
240760
150005
132066
159960
150005
158234
195708
243624
159679
145057
39714
31602
141485
71077
158394
28338
194231
158232
143532
193877
179643
16
148402
217545
144054
239325
238797
79024
140395
239322
210261
238677
158394
32442
141490
414
79024
158394
60592
159933
10837
149690
133554
201130
256027
26288
208043
148402
217530
240816
87381
20329
65536
240117
239280
210261
151011
180717
79571
179642
17
150002
191920
151216
112350
240760
150005
132066
159960
150005
158234
195708
243624
159679
145057
39714
31602
141485
71077
158394
28338
194231
158232
143532
193877
179643
16
148402
217545
144054
239325
238797
79024
140395
239322
210261
238677
158394
32442
141490
415
79024
158394
60592
159933
10837
149690
133554
201130
256027
26288
208043
148402
217530
240816
87381
20329
65536
240117
239280
210261
151011
180717
79571
179642
17
150002
191920
151216
112350
240760
150005
132066
159960
150005
158234
195708
243624
159679
145057
39714
31602
141485
71077
158394
28338
194231
158232
143532
193877
179643
16
148402
217545
144054
239325
238797
79024
140395
239322
210261
238677
158394
32442
141490
416
79024
158394
60592
159933
10837
149690
133554
201130
256027
26288
208043
148402
217530
240816
87381
20329
65536
240117
239280
210261
151011
180717
79571
179642
17
150002
191920
151216
112350
240760
150005
132066
159960
150005
158234
195708
243624
159679
145057
39714
31602
141485
71077
158394
28338
194231
158232
143532
193877
179643
16
148402
217545
144054
239325
238797
79024
140395
239322
210261
238677
158394
32442
141490
316
79024
158394
60592
159933
10837
149690
133554
201130
256027
26288
208043
148402
217530
240816
87381
20329
65536
240117
239280
210261
151011
180717
79571
179642
17
150002
191920
151216
112350
240760
150005
132066
159960
150005
158234
195708
243624
159679
145057
39714
31602
141485
71077
158394
28338
194231
158232
143532
193877
179643
16
148402
217545
144054
239325
238797
79024
140395
239322
210261
238677
158394
32442
141490
315
79024
158394
60592
159933
10837
149690
133554
201130
256027
26288
208043
148402
217530
240816
87381
20329
65536
240117
239280
210261
151011
180717
79571
179642
17
150002
191920
151216
112350
240760
150005
132066
159960
150005
158234
195708
243624
159679
145057
39714
31602
141485
71077
158394
28338
194231
158232
143532
193877
179643
16
148402
217545
144054
239325
238797
79024
140395
239322
210261
238677
158394
32442
141490
314
79024
158394
60592
159933
10837
149690
133554
201130
256027
26288
208043
148402
217530
240816
87381
20329
65536
240117
239280
210261
151011
180717
79571
179642
17
150002
191920
151216
112350
240760
150005
132066
159960
150005
158234
195708
243624
159679
145057
39714
31602
141485
71077
158394
28338
194231
158232
143532
193877
179643
16
148402
217545
144054
239325
238797
79024
140395
239322
210261
238677
158394
32442
141490
313
79024
158394
60592
159933
10837
149690
133554
201130
256027
26288
208043
148402
217530
240816
87381
20329
65536
240117
239280
210261
151011
180717
79571
179642
17
150002
191920
151216
112350
240760
150005
132066
159960
150005
158234
195708
243624
159679
145057
39714
31602
141485
71077
158394
28338
194231
158232
143532
193877
179643
16
148402
217545
144054
239325
238797
79024
140395
239322
210261
238677
158394
32442
141490
312
79024
158394
60592
159933
10837
149690
133554
201130
256027
26288
208043
148402
217530
240816
87381
20329
65536
240117
239280
210261
151011
180717
79571
179642
17
150002
191920
151216
112350
240760
150005
132066
159960
150005
158234
195708
243624
159679
145057
39714
31602
141485
71077
158394
28338
194231
158232
143532
193877
179643
16
148402
217545
144054
239325
238797
79024
140395
239322
210261
238677
158394
32442
141490
311
79024
158394
60592
159933
10837
149690
133554
201130
256027
26288
208043
148402
217530
240816
87381
20329
65536
240117
239280
210261
151011
180717
79571
179642
17
150002
191920
151216
112350
240760
150005
132066
159960
150005
158234
195708
243624
159679
145057
39714
31602
141485
71077
158394
28338
194231
158232
143532
193877
179643
16
148402
217545
144054
239325
238797
79024
140395
239322
210261
238677
158394
32442
141490
310
79024
158394
60592
159933
10837
149690
133554
201130
256027
26288
208043
148402
217530
240816
87381
20329
65536
240117
239280
210261
151011
180717
79571
179642
17
150002
191920
151216
112350
240760
150005
132066
159960
150005
158234
195708
243624
159679
145057
39714
31602
141485
71077
158394
28338
194231
158232
143532
193877
179643
16
148402
217545
144054
239325
238797
79024
140395
239322
210261
238677
158394
32442
141490
309
79024
158394
60592
159933
10837
149690
133554
201130
256027
26288
208043
148402
217530
240816
87381
20329
65536
240117
239280
210261
151011
180717
79571
179642
17
150002
191920
151216
112350
240760
150005
132066
159960
150005
158234
195708
243624
159679
145057
39714
31602
141485
71077
158394
28338
194231
158232
143532
193877
179643
16
148402
217545
144054
239325
238797
79024
140395
239322
210261
238677
158394
32442
141490
308
79024
158394
60592
159933
10837
149690
133554
201130
256027
26288
208043
148402
217530
240816
87381
20329
65536
240117
239280
210261
151011
180717
79571
179642
17
150002
191920
151216
112350
240760
150005
132066
159960
150005
158234
195708
243624
159679
145057
39714
31602
141485
71077
158394
28338
194231
158232
143532
193877
179643
16
148402
217545
144054
239325
238797
79024
140395
239322
210261
238677
158394
32442
141490
307
79024
158394
60592
159933
10837
149690
133554
201130
256027
26288
208043
148402
217530
240816
87381
20329
65536
240117
239280
210261
151011
180717
79571
179642
17
150002
191920
151216
112350
240760
150005
132066
159960
150005
158234
195708
243624
159679
145057
39714
31602
141485
71077
158394
28338
194231
158232
143532
193877
179643
16
148402
217545
144054
239325
238797
79024
140395
239322
210261
238677
158394
32442
141490
306
79024
158394
60592
159933
10837
149690
133554
201130
256027
26288
208043
148402
217530
240816
87381
20329
65536
240117
239280
210261
151011
180717
79571
179642
17
150002
191920
151216
112350
240760
150005
132066
159960
150005
158234
195708
243624
159679
145057
39714
31602
141485
71077
158394
28338
194231
158232
143532
193877
179643
16
148402
217545
144054
239325
238797
79024
140395
239322
210261
238677
158394
32442
141490
305
79024
158394
60592
159933
10837
149690
133554
201130
256027
26288
208043
148402
217530
240816
87381
20329
65536
240117
239280
210261
151011
180717
79571
179642
17
150002
191920
151216
112350
240760
150005
132066
159960
150005
158234
195708
243624
159679
145057
39714
31602
141485
71077
158394
28338
194231
158232
143532
193877
179643
16
148402
217545
144054
239325
238797
79024
140395
239322
210261
238677
158394
32442
141490
304
79024
158394
60592
159933
10837
149690
133554
201130
256027
26288
208043
148402
217530
240816
87381
20329
65536
240117
239280
210261
151011
180717
79571
179642
17
150002
191920
151216
112350
240760
150005
132066
159960
150005
158234
195708
243624
159679
145057
39714
31602
141485
71077
158394
28338
194231
158232
143532
193877
179643
16
148402
217545
144054
239325
238797
79024
140395
239322
210261
238677
158394
32442
141490
303
79024
158394
60592
159933
10837
149690
133554
201130
256027
26288
208043
148402
217530
240816
87381
20329
65536
240117
239280
210261
151011
180717
79571
179642
17
150002
191920
151216
112350
240760
150005
132066
159960
150005
158234
195708
243624
159679
145057
39714
31602
141485
71077
158394
28338
194231
158232
143532
193877
179643
16
148402
217545
144054
239325
238797
79024
140395
239322
210261
238677
158394
32442
141490
302
79024
158394
60592
159933
10837
149690
133554
201130
256027
26288
208043
148402
217530
240816
87381
20329
65536
240117
239280
210261
151011
180717
79571
179642
17
150002
191920
151216
112350
240760
150005
132066
159960
150005
158234
195708
243624
159679
145057
39714
31602
141485
71077
158394
28338
194231
158232
143532
193877
179643
16
148402
217545
144054
239325
238797
79024
140395
239322
210261
238677
158394
32442
141490
301
79024
158394
60592
159933
10837
149690
133554
201130
256027
26288
208043
148402
217530
240816
87381
20329
65536
240117
239280
210261
151011
180717
79571
179642
17
150002
191920
151216
112350
240760
150005
132066
159960
150005
158234
195708
243624
159679
145057
39714
31602
141485
71077
158394
28338
194231
158232
143532
193877
179643
16
148402
217545
144054
239325
238797
79024
140395
239322
210261
238677
158394
32442
141490
300
79040
79042
79042
222354
180738
209603
212475
2
180738
185031
16578
2
230229
179643
16
148402
217545
144082
239325
238797
158394
32442
141490
79052
158394
60592
159956
10837
20334
65536
240117
239280
210261
79017
158234
195708
243624
159679
145057
39714
31602
141485
71045
18954
12709
2482
111795
19899
261509
245682
111798
128176
18666
389
193877
79038
194238
177854
192699
87381
79038
61627
87381
153280
200
65536
240117
239280
210261
179643
16
148402
217545
144073
239325
238797
79043
140398
239322
210261
238677
151011
180717
79567
179642
17
150002
191920
151216
112347
240818
128724
150005
132066
159956
150005
141459
179642
17
8706
111782
239322
209057
158293
238713
158293
79017
71045
23978
373
421
19347
349
19898
183
196026
16
8706
112005
240306
70817
194206
177822
192699
87381
79006
61627
87381
20329
201
79024
158394
60592
159933
10837
149690
133554
201130
256027
26288
208043
148402
217530
240816
87381
20329
65536
240117
239280
210261
151011
180717
79571
179642
17
150002
191920
151216
112350
240760
150005
132066
159960
150005
158234
195708
243624
159679
145057
39714
31602
141485
71077
158394
28338
194231
158232
143532
193877
179643
16
148402
217545
144054
239325
238797
79024
140395
239322
210261
238677
158394
32442
141490
202
79024
158394
60592
159933
10837
149690
133554
201130
256027
26288
208043
148402
217530
240816
87381
20329
65536
240117
239280
210261
151011
180717
79571
179642
17
150002
191920
151216
112350
240760
150005
132066
159960
150005
158234
195708
243624
159679
145057
39714
31602
141485
71077
158394
28338
194231
158232
143532
193877
179643
16
148402
217545
144054
239325
238797
79024
140395
239322
210261
238677
158394
32442
141490
203
79024
158394
60592
159933
10837
149690
133554
201130
256027
26288
208043
148402
217530
240816
87381
20329
65536
240117
239280
210261
151011
180717
79571
179642
17
150002
191920
151216
112350
240760
150005
132066
159960
150005
158234
195708
243624
159679
145057
39714
31602
141485
71077
158394
28338
194231
158232
143532
193877
179643
16
148402
217545
144054
239325
238797
79024
140395
239322
210261
238677
158394
32442
141490
204
79024
158394
60592
159933
10837
149690
133554
201130
256027
26288
208043
148402
217530
240816
87381
20329
65536
240117
239280
210261
151011
180717
79571
179642
17
150002
191920
151216
112350
240760
150005
132066
159960
150005
158234
195708
243624
159679
145057
39714
31602
141485
71077
158394
28338
194231
158232
143532
193877
179643
16
148402
217545
144054
239325
238797
79024
140395
239322
210261
238677
158394
32442
141490
205
79024
158394
60592
159933
10837
149690
133554
201130
256027
26288
208043
148402
217530
240816
87381
20329
65536
240117
239280
210261
151011
180717
79571
179642
17
150002
191920
151216
112350
240760
150005
132066
159960
150005
158234
195708
243624
159679
145057
39714
31602
141485
71077
158394
28338
194231
158232
143532
193877
179643
16
148402
217545
144054
239325
238797
79024
140395
239322
210261
238677
158394
32442
141490
206
79024
158394
60592
159933
10837
149690
133554
201130
256027
26288
208043
148402
217530
240816
87381
20329
65536
240117
239280
210261
151011
180717
79571
179642
17
150002
191920
151216
112350
240760
150005
132066
159960
150005
158234
195708
243624
159679
145057
39714
31602
141485
71077
158394
28338
194231
158232
143532
193877
179643
16
148402
217545
144054
239325
238797
79024
140395
239322
210261
238677
158394
32442
141490
207
79024
158394
60592
159933
10837
149690
133554
201130
256027
26288
208043
148402
217530
240816
87381
20329
65536
240117
239280
210261
151011
180717
79571
179642
17
150002
191920
151216
112350
240760
150005
132066
159960
150005
158234
195708
243624
159679
145057
39714
31602
141485
71077
158394
28338
194231
158232
143532
193877
179643
16
148402
217545
144054
239325
238797
79024
140395
239322
210261
238677
158394
32442
141490
208
79024
158394
60592
159933
10837
149690
133554
201130
256027
26288
208043
148402
217530
240816
87381
20329
65536
240117
239280
210261
151011
180717
79571
179642
17
150002
191920
151216
112350
240760
150005
132066
159960
150005
158234
195708
243624
159679
145057
39714
31602
141485
71077
158394
28338
194231
158232
143532
193877
179643
16
148402
217545
144054
239325
238797
79024
140395
239322
210261
238677
158394
32442
141490
209
79024
158394
60592
159933
10837
149690
133554
201130
256027
26288
208043
148402
217530
240816
87381
20329
65536
240117
239280
210261
151011
180717
79571
179642
17
150002
191920
151216
112350
240760
150005
132066
159960
150005
158234
195708
243624
159679
145057
39714
31602
141485
71077
158394
28338
194231
158232
143532
193877
179643
16
148402
217545
144054
239325
238797
79024
140395
239322
210261
238677
158394
32442
141490
210
79024
158394
60592
159933
10837
149690
133554
201130
256027
26288
208043
148402
217530
240816
87381
20329
65536
240117
239280
210261
151011
180717
79571
179642
17
150002
191920
151216
112350
240760
150005
132066
159960
150005
158234
195708
243624
159679
145057
39714
31602
141485
71077
158394
28338
194231
158232
143532
193877
179643
16
148402
217545
144054
239325
238797
79024
140395
239322
210261
238677
158394
32442
141490
211
79024
158394
60592
159933
10837
149690
133554
201130
256027
26288
208043
148402
217530
240816
87381
20329
65536
240117
239280
210261
151011
180717
79571
179642
17
150002
191920
151216
112350
240760
150005
132066
159960
150005
158234
195708
243624
159679
145057
39714
31602
141485
71077
158394
28338
194231
158232
143532
193877
179643
16
148402
217545
144054
239325
238797
79024
140395
239322
210261
238677
158394
32442
141490
212
79024
158394
60592
159933
10837
149690
133554
201130
256027
26288
208043
148402
217530
240816
87381
20329
65536
240117
239280
210261
151011
180717
79571
179642
17
150002
191920
151216
112350
240760
150005
132066
159960
150005
158234
195708
243624
159679
145057
39714
31602
141485
71077
158394
28338
194231
158232
143532
193877
179643
16
148402
217545
144054
239325
238797
79024
140395
239322
210261
238677
158394
32442
141490
213
79024
158394
60592
159933
10837
149690
133554
201130
256027
26288
208043
148402
217530
240816
87381
20329
65536
240117
239280
210261
151011
180717
79571
179642
17
150002
191920
151216
112350
240760
150005
132066
159960
150005
158234
195708
243624
159679
145057
39714
31602
141485
71077
158394
28338
194231
158232
143532
193877
179643
16
148402
217545
144054
239325
238797
79024
140395
239322
210261
238677
158394
32442
141490
214
79024
158394
60592
159933
10837
149690
133554
201130
256027
26288
208043
148402
217530
240816
87381
20329
65536
240117
239280
210261
151011
180717
79571
179642
17
150002
191920
151216
112350
240760
150005
132066
159960
150005
158234
195708
243624
159679
145057
39714
31602
141485
71077
158394
28338
194231
158232
143532
193877
179643
16
148402
217545
144054
239325
238797
79024
140395
239322
210261
238677
158394
32442
141490
215
79024
158394
60592
159933
10837
149690
133554
201130
256027
26288
208043
148402
217530
240816
87381
20329
65536
240117
239280
210261
151011
180717
79571
179642
17
150002
191920
151216
112350
240760
150005
132066
159960
150005
158234
195708
243624
159679
145057
39714
31602
141485
71077
158394
28338
194231
158232
143532
193877
179643
16
148402
217545
144054
239325
238797
79024
140395
239322
210261
238677
158394
32442
141490
216
79024
158394
60592
159933
10837
149690
133554
201130
256027
26288
208043
148402
217530
240816
87381
20329
65536
240117
239280
210261
151011
180717
79571
179642
17
150002
191920
151216
112350
240760
150005
132066
159960
150005
158234
195708
243624
159679
145057
39714
31602
141485
71077
158394
28338
194231
158232
143532
193877
179643
16
148402
217545
144054
239325
238797
79024
140395
239322
210261
238677
158394
32442
141490
116
79024
158394
60592
159933
10837
149690
133554
201130
256027
26288
208043
148402
217530
240816
87381
20329
65536
240117
239280
210261
151011
180717
79571
179642
17
150002
191920
151216
112350
240760
150005
132066
159960
150005
158234
195708
243624
159679
145057
39714
31602
141485
71077
158394
28338
194231
158232
143532
193877
179643
16
148402
217545
144054
239325
238797
79024
140395
239322
210261
238677
158394
32442
141490
115
79024
158394
60592
159933
10837
149690
133554
201130
256027
26288
208043
148402
217530
240816
87381
20329
65536
240117
239280
210261
151011
180717
79571
179642
17
150002
191920
151216
112350
240760
150005
132066
159960
150005
158234
195708
243624
159679
145057
39714
31602
141485
71077
158394
28338
194231
158232
143532
193877
179643
16
148402
217545
144054
239325
238797
79024
140395
239322
210261
238677
158394
32442
141490
114
79024
158394
60592
159933
10837
149690
133554
201130
256027
26288
208043
148402
217530
240816
87381
20329
65536
240117
239280
210261
151011
180717
79571
179642
17
150002
191920
151216
112350
240760
150005
132066
159960
150005
158234
195708
243624
159679
145057
39714
31602
141485
71077
158394
28338
194231
158232
143532
193877
179643
16
148402
217545
144054
239325
238797
79024
140395
239322
210261
238677
158394
32442
141490
113
79024
158394
60592
159933
10837
149690
133554
201130
256027
26288
208043
148402
217530
240816
87381
20329
65536
240117
239280
210261
151011
180717
79571
179642
17
150002
191920
151216
112350
240760
150005
132066
159960
150005
158234
195708
243624
159679
145057
39714
31602
141485
71077
158394
28338
194231
158232
143532
193877
179643
16
148402
217545
144054
239325
238797
79024
140395
239322
210261
238677
158394
32442
141490
112
79024
158394
60592
159933
10837
149690
133554
201130
256027
26288
208043
148402
217530
240816
87381
20329
65536
240117
239280
210261
151011
180717
79571
179642
17
150002
191920
151216
112350
240760
150005
132066
159960
150005
158234
195708
243624
159679
145057
39714
31602
141485
71077
158394
28338
194231
158232
143532
193877
179643
16
148402
217545
144054
239325
238797
79024
140395
239322
210261
238677
158394
32442
141490
111
79024
158394
60592
159933
10837
149690
133554
201130
256027
26288
208043
148402
217530
240816
87381
20329
65536
240117
239280
210261
151011
180717
79571
179642
17
150002
191920
151216
112350
240760
150005
132066
159960
150005
158234
195708
243624
159679
145057
39714
31602
141485
71077
158394
28338
194231
158232
143532
193877
179643
16
148402
217545
144054
239325
238797
79024
140395
239322
210261
238677
158394
32442
141490
110
79024
158394
60592
159933
10837
149690
133554
201130
256027
26288
208043
148402
217530
240816
87381
20329
65536
240117
239280
210261
151011
180717
79571
179642
17
150002
191920
151216
112350
240760
150005
132066
159960
150005
158234
195708
243624
159679
145057
39714
31602
141485
71077
158394
28338
194231
158232
143532
193877
179643
16
148402
217545
144054
239325
238797
79024
140395
239322
210261
238677
158394
32442
141490
109
79024
158394
60592
159933
10837
149690
133554
201130
256027
26288
208043
148402
217530
240816
87381
20329
65536
240117
239280
210261
151011
180717
79571
179642
17
150002
191920
151216
112350
240760
150005
132066
159960
150005
158234
195708
243624
159679
145057
39714
31602
141485
71077
158394
28338
194231
158232
143532
193877
179643
16
148402
217545
144054
239325
238797
79024
140395
239322
210261
238677
158394
32442
141490
108
70830
18610
4761
79018
128194
79018
22188
66560
79018
22188
32769
79018
79018
22188
32770
79018
79018
22188
33
79018
79018
22188
16384
79018
70830
79017
79017
79017
79017
79017
79017
79017
79017
79017
79017
79017
79017
79017
79017
79017
79017
79017
71077
23125
78848
23085
23112
23218
78848
22188
32771
79018
18610
120
23218
78848
100
10674
14890
128183
70830
241845
23218
78848
107
23115
19378
277
23298
14770
158501
79018
17378
132096
48426
23117
158466
19378
277
23333
22187
19202
349
222317
192434
79317
134322
16562
2048
103643
190898
79173
158130
243663
79017
79017
79017
79017
79017
79017
79017
79017
79017
79017
79017
79017
79017
71077
149698
198594
198594
198594
111801
16530
32767
17330
98304
48426
23112
16538
24576
16469
1023
131506
70831
79018
17378
164864
48426
106
161109
23330
245077
70840
79034
79026
153528
79034
70839
243640
137150
153534
133306
240797
202069
226645
131949
132016
111827
151013
21845
1
131951
251859
251858
111834
148429
148309
132858
235448
260024
79024
210261
103647
148309
251832
207346
210872
79017
79017
79017
79017
71077
78908
5461
18933
1
153260
137130
18933
262143
194224
159666
78910
38229
79028
79022
194222
161109
194226
161109
23298
153941
194234
105
18933
1
194233
79035
161109
194233
79039
161109
79020
153265
243370
153516
148589
244550
239709
153260
194239
160459
194235
161742
79033
194512
153260
194239
161713
79033
103643
243647
243628
79017
79017
79017
79017
79017
79017
79017
79017
79017
79017
79017
79017
79017
71077
18933
262143
23330
22186
23301
182710
136874
23333
22206
136874
79020
70833
136874
135090
70836
23301
54968
23331
18871
40226
79028
104
79024
158394
60592
159933
10837
149690
133554
201130
256027
26288
208043
148402
217530
240816
87381
20329
65536
240117
239280
210261
151011
180717
79571
179642
17
150002
191920
151216
112350
240760
150005
132066
159960
150005
158234
195708
243624
159679
145057
39714
31602
141485
71077
158394
28338
194231
158232
143532
193877
179643
16
148402
217545
144054
239325
238797
79024
140395
239322
210261
238677
158394
32442
141490
103
79024
158394
60592
159933
10837
149690
133554
201130
256027
26288
208043
148402
217530
240816
87381
20329
65536
240117
239280
210261
151011
180717
79571
179642
17
150002
191920
151216
112350
240760
150005
132066
159960
150005
158234
195708
243624
159679
145057
39714
31602
141485
71077
158394
28338
194231
158232
143532
193877
179643
16
148402
217545
144054
239325
238797
79024
140395
239322
210261
238677
158394
32442
141490
102
79024
158394
60592
159933
10837
149690
133554
201130
256027
26288
208043
148402
217530
240816
87381
20329
65536
240117
239280
210261
151011
180717
79571
179642
17
150002
191920
151216
112350
240760
150005
132066
159960
150005
158234
195708
243624
159679
145057
39714
31602
141485
71077
158394
28338
194231
158232
143532
193877
179643
16
148402
217545
144054
239325
238797
79024
140395
239322
210261
238677
158394
32442
141490
101
79024
158394
60592
159933
10837
149690
133554
201130
256027
26288
208043
148402
217530
240816
87381
20329
65536
240117
239280
210261
151011
180717
79571
179642
17
150002
191920
151216
112350
240760
150005
132066
159960
150005
158234
195708
243624
159679
145057
39714
31602
141485
71077
158394
28338
194231
158232
143532
193877
179643
16
148402
217545
144054
239325
238797
79024
140395
239322
210261
238677
158394
32442
141490
100
79024
158394
60592
159933
10837
149690
133554
201130
256027
26288
208043
148402
217530
240816
87381
20329
65536
240117
239280
210261
151011
180717
79571
179642
17
150002
191920
151216
112350
240760
150005
132066
159960
150005
158234
195708
243624
159679
145057
39714
31602
141485
71045
158394
28338
194231
158232
143532
193877
179643
16
148402
217545
144054
239325
238797
79024
140395
239322
210261
238677
158394
32442
141490
0
79024
158394
60592
159933
10837
149690
133554
201130
256027
26288
208043
148402
217530
240816
87381
20329
65536
240117
239280
210261
151011
180717
79571
179642
17
150002
191920
151216
112350
240760
150005
132066
159960
150005
158234
195708
243624
159679
145057
39714
31602
141485
71061
158394
28338
194231
158232
143532
193877
179643
16
148402
217545
144054
239325
238797
79024
140395
239322
210261
238677
158394
32442
141490
1
79024
158394
60592
159933
10837
149690
133554
201130
256027
26288
208043
148402
217530
240816
87381
20329
65536
240117
239280
210261
151011
180717
79571
179642
17
150002
191920
151216
112350
240760
150005
132066
159960
150005
158234
195708
243624
159679
145057
39714
31602
141485
71093
18963
12609
262142
43442
79269
70826
179643
16
148402
217545
144054
239325
238797
79024
140395
239322
210261
238677
158394
32442
141490
2
79024
158394
60592
159933
10837
149690
133554
201130
256027
26288
208043
148402
217530
240816
87381
20329
65536
240117
239280
210261
151011
180717
79571
179642
17
150002
191920
151216
112350
240760
150005
132066
159960
150005
158234
195708
243624
159679
145057
39714
31602
141485
71093
158394
28338
194231
158232
143532
193877
179643
16
148402
217545
144054
239325
238797
79024
140395
239322
210261
238677
158394
32442
141490
3
79024
158394
60592
159933
10837
149690
133554
201130
256027
26288
208043
148402
217530
240816
87381
20329
65536
240117
239280
210261
151011
180717
79571
179642
17
150002
191920
151216
112350
240760
150005
132066
159960
150005
158234
195708
243624
159679
145057
39714
31602
141485
71093
158394
28338
194231
158232
143532
193877
179643
16
148402
217545
144054
239325
238797
79024
140395
239322
210261
238677
158394
32442
141490
4
79024
158394
60592
159933
10837
149690
133554
201130
256027
26288
208043
148402
217530
240816
87381
20329
65536
240117
239280
210261
151011
180717
79571
179642
17
150002
191920
151216
112350
240760
150005
132066
159960
150005
158234
195708
243624
159679
145057
39714
31602
141485
71093
158394
28338
194231
158232
143532
193877
179643
16
148402
217545
144054
239325
238797
79024
140395
239322
210261
238677
158394
32442
141490
5
79024
158394
60592
159933
10837
149690
133554
201130
256027
26288
208043
148402
217530
240816
87381
20329
65536
240117
239280
210261
151011
180717
79571
179642
17
150002
191920
151216
112350
240760
150005
132066
159960
150005
158234
195708
243624
159679
145057
39714
31602
141485
71093
158394
28338
194231
158232
143532
193877
179643
16
148402
217545
144054
239325
238797
79024
140395
239322
210261
238677
158394
32442
141490
6
79024
158394
60592
159933
10837
149690
133554
201130
256027
26288
208043
148402
217530
240816
87381
20329
65536
240117
239280
210261
151011
180717
79571
179642
17
150002
191920
151216
112350
240760
150005
132066
159960
150005
158234
195708
243624
159679
145057
39714
31602
141485
71093
158394
28338
194231
158232
143532
193877
179643
16
148402
217545
144054
239325
238797
79024
140395
239322
210261
238677
158394
32442
141490
7
79017
79017
79017
79017
79017
79017
79017
79017
79017
79017
79017
79017
79017
79017
79017
79017
79017
79017
79017
79017
79017
79017
79017
79017
79017
79017
79017
79017
79017
79017
79017
79017
79017
79017
79017
79017
79017
79017
79017
79017
79017
79017
71093
13653
23338
87381
23381
83285
79017
79017
79017
79017
79017
79017
79017
79017
79017
79017
79017
79017
79017
79017
79017
79017
8
79017
79017
79017
79017
79017
79017
79017
79017
79017
79017
79017
79017
79017
79017
79017
79017
79017
79017
79017
79017
79017
79017
79017
79017
79017
79017
79017
79017
79017
79017
79017
79017
79017
79017
79017
79017
79017
79017
79017
79017
79017
79017
71093
79017
79017
79017
79017
79017
79017
79017
79017
79017
79017
79017
79017
79017
79017
79017
79017
79017
79017
79017
79017
79017
9
79017
79017
79017
79017
79017
79017
79017
79017
79017
79017
79017
79017
79017
79017
79017
79017
79017
79017
79017
79017
79017
79017
79017
79017
79017
79017
79017
79017
79017
79017
79017
79017
79017
79017
79017
79017
79017
79017
79017
79017
79017
79017
71093
23474
251221
15170
79017
79017
79017
79017
79017
79017
79017
79017
79017
79017
79017
79017
79017
79017
79017
79017
79017
79017
10
79024
158394
60592
159933
10837
149690
133554
201130
256027
26288
208043
148402
217530
240816
87381
20329
65536
240117
239280
210261
151011
180717
79571
179642
17
150002
191920
151216
112350
240760
150005
132066
159960
150005
158234
195708
243624
159679
145057
39714
31602
141485
71093
158394
28338
194231
158232
143532
193877
179643
16
148402
217545
144054
239325
238797
79024
140395
239322
210261
238677
158394
32442
141490
11
79024
158394
60592
159933
10837
149690
133554
201130
256027
26288
208043
148402
217530
240816
87381
20329
65536
240117
239280
210261
151011
180717
79571
179642
17
150002
191920
151216
112350
240760
150005
132066
159960
150005
158234
195708
243624
159679
145057
39714
31602
141485
71093
158394
28338
194231
158232
143532
193877
179643
16
148402
217545
144054
239325
238797
79024
140395
239322
210261
238677
158394
32442
141490
12
79024
158394
60592
159933
10837
149690
133554
201130
256027
26288
208043
148402
217530
240816
87381
20329
65536
240117
239280
210261
151011
180717
79571
179642
17
150002
191920
151216
112350
240760
150005
132066
159960
150005
158234
195708
243624
159679
145057
39714
31602
141485
71093
158394
28338
194231
158232
143532
193877
179643
16
148402
217545
144054
239325
238797
79024
140395
239322
210261
238677
158394
32442
141490
13
79024
158394
60592
159933
10837
149690
133554
201130
256027
26288
208043
148402
217530
240816
87381
20329
65536
240117
239280
210261
151011
180717
79571
179642
17
150002
191920
151216
112350
240760
150005
132066
159960
150005
158234
195708
243624
159679
145057
39714
31602
141485
71093
158394
28338
194231
158232
143532
193877
179643
16
148402
217545
144054
239325
238797
79024
140395
239322
210261
238677
158394
32442
141490
14
79024
158394
60592
159933
10837
149690
133554
201130
256027
26288
208043
148402
217530
240816
87381
20329
65536
240117
239280
210261
151011
180717
79571
179642
17
150002
191920
151216
112350
240760
150005
132066
159960
150005
158234
195708
243624
159679
145057
39714
31602
141485
71093
158394
28338
194231
158232
143532
193877
179643
16
148402
217545
144054
239325
238797
79024
140395
239322
210261
238677
158394
32442
141490
15
79024
158394
60592
159933
10837
149690
133554
201130
256027
26288
208043
148402
217530
240816
87381
20329
65536
240117
239280
210261
151011
180717
79571
179642
17
150002
191920
151216
112350
240760
150005
132066
159960
150005
158234
195708
243624
159679
145057
39714
31602
141485
71093
158394
28338
194231
158232
143532
193877
179643
16
148402
217545
144054
239325
238797
79024
140395
239322
210261
238677
158394
32442
141490
16
79024
158394
60592
159933
10837
149690
133554
201130
256027
26288
208043
148402
217530
240816
87381
20329
65536
240117
239280
210261
151011
180717
79571
179642
17
150002
191920
151216
112350
240760
150005
132066
159960
150005
158234
195708
243624
159679
145057
39714
31602
141485
71093
158394
28338
194231
158232
143532
193877
179643
16
148402
217545
144054
239325
238797
79024
140395
239322
210261
238677
158394
32442
141490
17
79024
158394
60592
159933
10837
149690
133554
201130
256027
26288
208043
148402
217530
240816
87381
20329
65536
240117
239280
210261
151011
180717
79571
179642
17
150002
191920
151216
112350
240760
150005
132066
159960
150005
158234
195708
243624
159679
145057
39714
31602
141485
71061
158394
28338
194231
158232
143532
193877
179643
16
148402
217545
144054
239325
238797
79024
140395
239322
210261
238677
158394
32442
141490
117
341
159714
141746
121778
121637
149690
133554
201130
256027
26288
208043
148402
217530
240816
87381
20329
65536
240117
239280
210261
151011
180717
79571
179642
17
150002
191920
151216
112350
240760
150005
132066
159960
150005
158234
195708
243624
159679
145057
39714
31602
141485
71045
158394
28338
194231
158232
143532
193877
179643
16
148402
217545
144054
239325
238797
79024
140395
239322
210261
238677
149690
134346
247999
217
79024
158394
60592
159933
10837
149690
133554
201130
256027
26288
208043
148402
217530
240816
87381
20329
65536
240117
239280
210261
151011
180717
79571
179642
17
150002
191920
151216
112350
240760
150005
132066
159960
150005
158234
195708
243624
159679
145057
39714
31602
141485
71045
158394
28338
194231
158232
143532
193877
179643
16
148402
217545
144054
239325
238797
79024
140395
239322
210261
238677
158394
32442
141490
317
79024
158394
60592
159933
10837
149690
133554
201130
256027
26288
208043
148402
217530
240816
87381
20329
65536
240117
239280
210261
151011
180717
79571
179642
17
150002
191920
151216
112350
240760
150005
132066
159960
150005
158234
195708
243624
159679
145057
39714
31602
141485
71045
158394
28338
194231
158232
143532
193877
179643
16
148402
217545
144054
239325
238797
79024
140395
239322
210261
238677
158394
32442
141490
417
79024
158394
60592
159933
10837
149690
133554
201130
256027
26288
208043
148402
217530
240816
87381
20329
65536
240117
239280
210261
151011
180717
79571
179642
17
150002
191920
151216
112350
240760
150005
132066
159960
150005
158234
195708
243624
159679
145057
39714
31602
141485
71045
158394
28338
194231
158232
143532
193877
179643
16
148402
217545
144054
239325
238797
79024
140395
239322
210261
238677
158394
32442
141490
517
79024
158394
60592
159933
10837
149690
133554
201130
256027
26288
208043
148402
217530
240816
87381
20329
65536
240117
239280
210261
151011
180717
79571
179642
17
150002
191920
151216
112350
240760
150005
132066
159960
150005
158234
195708
243624
159679
145057
39714
31602
141485
71045
158394
28338
194231
158232
143532
193877
179643
16
148402
217545
144054
239325
238797
79024
140395
239322
210261
238677
158394
32442
141490
617
341
159714
141746
121778
121637
149690
133554
201130
256027
26288
208043
148402
217530
240816
87381
20329
65536
240117
239280
210261
151011
180717
79571
179642
17
150002
191920
151216
112350
240760
150005
132066
159960
150005
158234
195708
243624
159679
145057
39714
31602
141485
71045
158394
28338
194231
158232
143532
193877
179643
16
148402
217545
144054
239325
238797
79024
140395
239322
210261
238677
149690
134346
247999
717
341
159714
141746
121778
121637
149690
133554
201130
256027
26288
208043
148402
217530
240816
87381
20329
65536
240117
239280
210261
151011
180717
79571
179642
17
150002
191920
151216
112350
240760
150005
132066
159960
150005
158234
195708
243624
159679
145057
39714
31602
141485
71061
158394
28338
194231
158232
143532
193877
179643
16
148402
217545
144054
239325
238797
79024
140395
239322
210261
238677
149690
134346
247999
716
79024
158394
60592
159933
10837
149690
133554
201130
256027
26288
208043
148402
217530
240816
87381
20329
65536
240117
239280
210261
151011
180717
79571
179642
17
150002
191920
151216
112350
240760
150005
132066
159960
150005
158234
195708
243624
159679
145057
39714
31602
141485
71093
158394
28338
194231
158232
143532
193877
179643
16
148402
217545
144054
239325
238797
79024
140395
239322
210261
238677
158394
32442
141490
715
79024
158394
60592
159933
10837
149690
133554
201130
256027
26288
208043
148402
217530
240816
87381
20329
65536
240117
239280
210261
151011
180717
79571
179642
17
150002
191920
151216
112350
240760
150005
132066
159960
150005
158234
195708
243624
159679
145057
39714
31602
141485
71093
158394
28338
194231
158232
143532
193877
179643
16
148402
217545
144054
239325
238797
79024
140395
239322
210261
238677
158394
32442
141490
714
79024
158394
60592
159933
10837
149690
133554
201130
256027
26288
208043
148402
217530
240816
87381
20329
65536
240117
239280
210261
151011
180717
79571
179642
17
150002
191920
151216
112350
240760
150005
132066
159960
150005
158234
195708
243624
159679
145057
39714
31602
141485
71093
158394
28338
194231
158232
143532
193877
179643
16
148402
217545
144054
239325
238797
79024
140395
239322
210261
238677
158394
32442
141490
713
341
159714
141746
121778
121637
149690
133554
201130
256027
26288
208043
148402
217530
240816
87381
20329
65536
240117
239280
210261
151011
180717
79571
179642
17
150002
191920
151216
112350
240760
150005
132066
159960
150005
158234
195708
243624
159679
145057
39714
31602
141485
71093
158394
28338
194231
158232
143532
193877
179643
16
148402
217545
144054
239325
238797
79024
140395
239322
210261
238677
149690
134346
247999
712
79024
158394
60592
159933
10837
149690
133554
201130
256027
26288
208043
148402
217530
240816
87381
20329
65536
240117
239280
210261
151011
180717
79571
179642
17
150002
191920
151216
112350
240760
150005
132066
159960
150005
158234
195708
243624
159679
145057
39714
31602
141485
71093
158394
28338
194231
158232
143532
193877
179643
16
148402
217545
144054
239325
238797
79024
140395
239322
210261
238677
158394
32442
141490
711
79024
158394
60592
159933
10837
149690
133554
201130
256027
26288
208043
148402
217530
240816
87381
20329
65536
240117
239280
210261
151011
180717
79571
179642
17
150002
191920
151216
112350
240760
150005
132066
159960
150005
158234
195708
243624
159679
145057
39714
31602
141485
71093
158394
28338
194231
158232
143532
193877
179643
16
148402
217545
144054
239325
238797
79024
140395
239322
210261
238677
158394
32442
141490
710
79024
158394
60592
159933
10837
149690
133554
201130
256027
26288
208043
148402
217530
240816
87381
20329
65536
240117
239280
210261
151011
180717
79571
179642
17
150002
191920
151216
112350
240760
150005
132066
159960
150005
158234
195708
243624
159679
145057
39714
31602
141485
71093
158394
28338
194231
158232
143532
193877
179643
16
148402
217545
144054
239325
238797
79024
140395
239322
210261
238677
158394
32442
141490
709
341
159714
141746
121778
121637
149690
133554
201130
256027
26288
208043
148402
217530
240816
87381
20329
65536
240117
239280
210261
151011
180717
79571
179642
17
150002
191920
151216
112350
240760
150005
132066
159960
150005
158234
195708
243624
159679
145057
39714
31602
141485
71093
158394
28338
194231
158232
143532
193877
179643
16
148402
217545
144054
239325
238797
79024
140395
239322
210261
238677
149690
134346
247999
708
231098
2411
180856
71093
180890
206677
153275
134594
247986
2409
180856
5461
79038
79038
153285
79059
79056
243397
79058
79059
79060
190362
131858
131072
254850
194504
190898
225621
190898
201045
79017
79017
79017
79017
158234
195708
243624
159679
145057
39714
31602
141485
71093
18954
12709
2482
111800
79051
239794
79051
240306
79051
239741
87381
79051
243837
87381
245178
437
193877
180738
111803
180821
150859
